5591981300713
5511954870517
5531991837284
5541999556083
5521987084429
5517981511997
5542998140181
5581995452187
5511954843300
5521987907113
5521980194151
5549999568560
5531991551706
5555984670651
5538991030889
5591981652359
5511962057088
5573991386387
5543999805464
5511948963881
5565981367479
5563981239289
5511958928979
5513981366256
5543999192299
5511977024816
5591982403364
5544997013647
5548996772908
5543999145027
5521983912956
5511948241428
5585999120407
5586999200992
5541997481222
5591982341738
5511968780592
5593981275649
5521965022634
5541996926474
5511982929572
5571992459112
5516981793030
5511960844592
5547996009414
5511958355390
5544997390193
5571993083183
5541999237408
5541999548653
5538992131314
5511986224010
5548999097006
5521981205616
5554981299532
5567981351614
5591989904750
5511952762850
5531991033305
5519981893287
5511985901811
5521969321110
5591980907161
5581999092762
5562982273405
5521986121273
5521987814491
5521987741552
5538991753577
5519983032037
5548996205871
5521986448975
5519988188559
5566981505917
5543998082788
5591981756949
5562981177732
5511966578409
5527981352532
5511983425866
5511951732558
5511951988167
5541996964021
5521970371951
5542999176057
5597981215506
5553999894239
5598981319871
5511977166040
5532991163541
5521969448643
5534991676343
5521987070178
5511930167016
5584999358080
5591983163703
5542998642741
5591982432737
5569981609386
5591980453180
5546999047311
5548999622298
5535991323891
5555981248261
5549999181682
5531993936287
5541997623723
5566981189532
5518991613524
5543999604777
5522981761633
5511951479145
5521988856757
5587999647855
5521981095327
5575991345421
5511959855225
5571992705431
5587999156446
5512982518714
5562981805661
5511984817255
5511960260505
5598981459345
5542999286613
5591981513039
5511977306719
5516981527554
5521988713651
5588996398404
5541995122965
5551981291980
5544997262065
5543999076547
5543999670520
5511985778706
5547997128414
5543999275041
5519981031583
5511959473316
5519982547344
5511978022332
5535991132742
5511953411632
5533991961426
5521969998459
5511981404384
5591980326933
5535991166837
5544997315325
5511983622709
5581998821254
5521987815203
5517981501098
5516982249227
5591981542123
5547996221490
5591980916116
5537991146948
5591980490500
5591981408050
5564984322627
5511979599327
5524988434565
5582996234194
5511970192424
5551981114115
5543996021052
5545998245856
5582999922163
5545998364810
5511953865502
5538992109813
5584999250367
5519981760858
5591982348154
5511968694221
5511969756772
5534991345043
5591981176128
5541999142692
5521976338123
5591981690183
5581999987897
5591982777312
5511980857274
5549999540019
5583996503839
5511951556627
5511964248269
5521986346618
5591981971625
5594981314687
5511985306842
5521969875248
5521979616681
5531993396582
5511946564615
5521969866463
5561984183116
5597981249302
5541996572632
5573991953701
5549999063808
5567981525700
5551981783436
5534992455428
5545999194937
5511969428375
5511966703007
5511959239096
5548999662757
5521969861484
5514981309783
5583999146874
5511967355097
5511961436901
5531993244769
5511953648276
5511954346753
5586999786099
5549999231086
5517981704838
5521986287041
5544999847863
5538991103998
5544999906491
5581979076661
5519983783682
5584998548079
5546999823792
5544998720503
5591982237751
5593981198644
5567981461186
5511979932962
5599988192974
5519983919408
5542999884132
5567981497940
5521983549487
5549999737851
5591981716653
5511960291596
5511949647280
5511957330053
5591982445142
5541995530369
5549991480076
5547997622462
5584998580259
5575991731517
5596981256371
5511952063374
5582999615711
5592981260443
5521987841892
5542999230467
5541995041109
5541998321261
5541998885167
5521965280822
5531991883584
5588999666996
5544998156908
5591981701927
5521986874199
5541998584574
5555981378927
5521982906218
5541998178864
5543996631298
5592981590404
5542999004108
5551981523940
5534991401842
5567981235479
5511951199818
5511979909877
5566981199237
5564981255851
5521988037692
5555981408122
5521986937881
5521981668189
5542999462434
5542999939668
5511977905911
5511958790912
5511982989059
5543996467930
5553984910974
5521988056498
5516981131386
5521991191063
5551981829625
5581997390616
5545999592281
5595981158160
5515981523344
5553984542692
5588996751923
5511949468314
5598981977175
5511986865607
5575991914198
5542998589693
5542999116218
5511959295052
5538992626194
5583998157259
5541996945563
5565981038726
5543999153643
5521986689180
5511977107671
5577991511983
5521984752312
5585997478924
5581996001462
5511948776058
5512981018167
5521988120369
5581999877630
5522981152340
5531991121269
5541997538186
5574991950485
5532991075265
5571993393688
5541998804367
5596981260634
5598981253477
5543996609137
5591983151827
5512981448233
5512982069944
5515981630742
5531991510405
5566981581062
5566981093388
5549998154135
5541996810512
5581999968785
5591981734903
5543996105277
5538991355087
5511967964495
5519981346082
5511986380555
5511961258346
5591982066904
5511986134252
5545999929640
5519981544148
5541995845887
5511985781977
5511987995878
5581996514689
5534991185281
5519988116813
5598981750611
5511958262530
5521990779114
5511968777787
5561982595230
5599981787158
5521969464175
5555981391018
5581996141024
5521981916549
5513981958632
5581996752176
5551981090631
5531992600360
5511958646330
5545998577383
5574991415634
5511986450987
5581999582570
5545998463995
5511949353768
5595999020210
5583999187953
5511962143591
5546999227843
5575991913383
5511977127373
5511964334336
5514981595316
5513981621899
5511986308461
5511982130750
5521990630569
5511977676438
5547999941912
5531984474314
5566981032909
5592981646127
5511959037698
5581996687096
5541997137394
5511960131896
5545998495365
5542999551647
5593992240249
5541997914347
5522981621440
5591981124854
5522981402050
5519981109313
5545998583170
5565981166469
5543999116054
5591983219626
5521981653269
5591982297666
5532991182162
5544999916056
5521989309588
5571999031124
5534991495937
5543998708917
5591981140451
5514981708972
5511981607349
5512982388842
5586999103910
5567981168055
5565981410879
5591985391094
5579991592075
5519982765334
5549999791517
5562981942759
5591981063107
5519982285660
5591981493102
5554981345837
5553984310654
5549998048364
5511951076157
5521989002711
5542998261882
5519983987410
5571993560220
5567984218930
5541997017965
5531992394391
5567981943948
5591982066066
5519984442557
5589999861006
5511948931456
5543999833182
5541984585395
5541996374462
